name: doa
channels:
  - anaconda
  - conda-forge
  - defaults
dependencies:
  - aom=3.8.2=h63175ca_0
  - bzip2=1.0.8=hcfcfb64_5
  - ca-certificates=2024.2.2=h56e8100_0
  - cairo=1.18.0=h1fef639_0
  - dav1d=1.2.1=hcfcfb64_0
  - expat=2.6.2=h63175ca_0
  - ffmpeg=6.1.1=gpl_h66c0b5b_108
  - font-ttf-dejavu-sans-mono=2.37=hab24e00_0
  - font-ttf-inconsolata=3.000=h77eed37_0
  - font-ttf-source-code-pro=2.038=h77eed37_0
  - font-ttf-ubuntu=0.83=h77eed37_1
  - fontconfig=2.14.2=hbde0cde_0
  - fonts-conda-ecosystem=1=0
  - fonts-conda-forge=1=0
  - freetype=2.12.1=hdaf720e_2
  - graphite2=1.3.13=h63175ca_1003
  - harfbuzz=8.3.0=h7ab893a_0
  - icu=73.2=h63175ca_0
  - intel-openmp=2024.0.0=h57928b3_49841
  - libblas=3.9.0=21_win64_mkl
  - libcblas=3.9.0=21_win64_mkl
  - libexpat=2.6.2=h63175ca_0
  - libffi=3.4.2=h8ffe710_5
  - libglib=2.80.0=h39d0aa6_5
  - libhwloc=2.9.3=default_haede6df_1009
  - libiconv=1.17=hcfcfb64_2
  - libintl=0.22.5=h5728263_2
  - liblapack=3.9.0=21_win64_mkl
  - libopus=1.3.1=h8ffe710_1
  - libpng=1.6.43=h19919ed_0
  - libsqlite=3.45.1=hcfcfb64_0
  - libxml2=2.12.6=hc3477c8_1
  - libzlib=1.2.13=hcfcfb64_5
  - mkl=2024.0.0=h66d3029_49657
  - numpy=1.24.4=py38h1d91fd2_0
  - openh264=2.4.1=h63175ca_0
  - openssl=3.2.1=hcfcfb64_1
  - pcre2=10.43=h17e33f8_0
  - pip=24.0=pyhd8ed1ab_0
  - pixman=0.43.4=h63175ca_0
  - portaudio=19.6.0=he774522_4
  - pthreads-win32=2.9.1=hfa6e2cd_3
  - pyaudio=0.2.11=py38he774522_2
  - python=3.8.18=h4de0772_1_cpython
  - python_abi=3.8=4_cp38
  - setuptools=69.1.1=pyhd8ed1ab_0
  - svt-av1=2.0.0=h63175ca_0
  - tbb=2021.11.0=h91493d7_1
  - tk=8.6.13=h5226925_1
  - ucrt=10.0.22621.0=h57928b3_0
  - vc=14.3=hcf57466_18
  - vc14_runtime=14.38.33130=h82b7239_18
  - vs2015_runtime=14.38.33130=hcb4865c_18
  - wheel=0.42.0=pyhd8ed1ab_0
  - x264=1!164.3095=h8ffe710_2
  - x265=3.5=h2d74725_3
  - xz=5.2.6=h8d14728_0
  - zlib=1.2.13=hcfcfb64_5
  - pip:
      - acoular==24.3
      - audioread==3.0.1
      - blinker==1.7.0
      - blosc2==2.0.0
      - certifi==2024.2.2
      - cffi==1.16.0
      - charset-normalizer==3.3.2
      - click==8.1.7
      - colorama==0.4.6
      - contourpy==1.1.1
      - cycler==0.12.1
      - cython==3.0.9
      - decorator==5.1.1
      - docker==7.1.0
      - filelock==3.13.4
      - flask==3.0.3
      - fonttools==4.49.0
      - fsspec==2024.3.1
      - future==1.0.0
      - haversine==2.8.1
      - idna==3.6
      - importlib-metadata==7.0.2
      - importlib-resources==6.1.3
      - install==1.3.5
      - iso8601==2.1.0
      - itsdangerous==2.1.2
      - jinja2==3.1.3
      - joblib==1.3.2
      - keyboard==0.13.5
      - kiwisolver==1.4.5
      - lazy-loader==0.3
      - librosa==0.10.1
      - llvmlite==0.41.1
      - markupsafe==2.1.5
      - matplotlib==3.7.5
      - mir-eval==0.7
      - mpmath==1.3.0
      - msgpack==1.0.8
      - networkx==3.1
      - numba==0.58.1
      - numexpr==2.8.6
      - packaging==24.0
      - pandas==2.0.3
      - pillow==10.2.0
      - platformdirs==4.2.0
      - pooch==1.8.1
      - py-cpuinfo==9.0.0
      - pybind11==2.11.1
      - pycparser==2.21
      - pydub==0.25.1
      - pyparsing==3.1.2
      - pyroomacoustics==0.7.3
      - python-dateutil==2.9.0.post0
      - python-dotenv==1.0.1
      - python-nmap==0.7.1
      - pytz==2024.1
      - pyusb==1.2.1
      - pywin32==306
      - pyyaml==6.0.1
      - requests==2.31.0
      - samplerate==0.2.1
      - scikit-learn==1.3.2
      - scipy==1.10.1
      - serial==0.0.97
      - six==1.16.0
      - sounddevice==0.4.6
      - soundfile==0.12.1
      - soxr==0.3.7
      - sympy==1.12
      - tables==3.8.0
      - threadpoolctl==3.3.0
      - torch==2.2.2
      - torchaudio==2.2.2
      - traits==6.4.3
      - typing-extensions==4.10.0
      - tzdata==2024.1
      - urllib3==2.2.1
      - werkzeug==3.0.2
      - zipp==3.17.0
prefix: C:\Users\USER\anaconda3\envs\doa